2543
6346
7290
7654
7656
7895
7918
8531
8674
8795
8826
9118
9296
9351
9435
9521
9544
9547
9647
10130
10387
10441
10522
10589
10618
10721
10813
10819
10885
10886
11342
11458
11516
11675
12183
13450
13485
13982
15447
16408
16550
16625
49493
54940
55851
59634
61926
65773
66648
66770
66845
70447
76376
76833
76983
77156
77412
77615
77824
78400
79312
80480
80631
81100
81225
81501
81568
81977
82178
82239
82346
82394
82474
82574
82705
82806
82868
86292
88035
88432
89214
89215
90099
91322
92458
93964
96272
98320
98423
98554
98556
99070
99071
99324
99836
99940
100514
100520
101166
101324
101325
101551
101894
102032
102033
102288
103088
103507
103903
103936
103943
104101
104448
104823
105009
105201
105283
105490
105816
106078
106450
106852
107449
108342
108401
108403
108404
108890
109034
116888
122149
122903
194642
195692
196127
197560
197806
198034
198038
198145
198596
198792
198794
199020
199097
199181
199251
199619
201420
201508
202330
203842
204068
205108
205275
205735
207426
207670
207975
208182
208621
210977
214572
215391
218889
218014
220425
221106
222425
224034
224219
225667
226560
228751
230284
231153
234972
235579
236697
237909
237258
238156
240568
241647
241719
241904
241945
259072
275551
276514
276863
302224
308125
308704
309264
309793
309886
309947
310433
310434
310529
311363
311966
312301
312728
312762
314266
314335
314865
314866
316035
316406
316664
316952
316956
317154
317201
317571
317704
317889
318087
318325
319172
319416
319468
319587
320586
321018
322679
323043
323752
324141
324752
324839
325286
325491
325926
328671
328821
329730
330799
331192
331257
332348
332582
333577
334290
334291
334966
335362
335447
335543
335716
336071
336399
336442
336714
336732
336999
337359
337693
338335
338770
339119
339525
340210
340775
341955
342042
343586
344376
345235
345620
350055
351495
351674
351697
351810
352709
352710
352712
353370
355311
355313
356549
356550
356819
356962
357104
357187
357307
358224
358838
359949
360334
360336
360897
360901
361825
362593
363822
363825
363828
364425
365471
365919
365922
366255
366436
366724
369255
369356
369388
369738
369739
369740
370077
370465
370780
371118
371404
371405
371666
372242
372243
373061
373280
373281
373925
373928
375172
375174
375175
375353
375600
375861
375862
376322
376865
377422
377488
399814
399932
399940
400259
400314
407387
415143
421802
421874
434061
